1,0
0,494
2,1
2,3
0,408
0,322
2,0
0,9
0,310
0,305
0,308
0,307
0,302
0,304
0,303
0,12
0,10
0,8
0,0
0,446
0,300
0,445
0,299
0,444
0,298
0,524
0,443
0,297
0,523
0,442
0,296
0,441
0,295
0,294
0,440
0,293
0,522
0,439
0,292
0,521
0,438
0,291
0,437
0,290
0,289
0,520
0,288
0,436
0,287
0,519
0,435
0,286
0,434
0,285
0,517
0,433
0,284
0,518
0,283
0,482
0,481
0,282
0,515
0,432
0,281
0,516
0,431
0,280
0,513
0,430
0,279
0,512
0,429
0,278
0,514
0,480
0,277
0,511
0,428
0,276
0,479
0,427
0,275
0,426
0,274
0,478
0,425
0,273
0,509
0,477
0,272
0,537
0,510
0,271
0,508
0,424
0,270
0,507
0,423
0,269
0,476
0,422
0,268
0,536
0,421
0,267
0,475
0,420
0,266
0,419
0,265
0,535
0,264
0,506
0,418
0,263
0,474
0,417
0,262
0,473
0,261
0,472
0,416
0,260
0,505
0,415
0,259
0,471
0,414
0,258
0,413
0,412
0,257
0,470
0,411
0,256
0,504
0,469
0,255
0,534
0,503
0,254
0,533
0,410
0,253
0,532
0,409
0,252
0,407
0,251
0,406
0,250
0,531
0,468
0,249
0,467
0,405
0,248
0,466
0,404
0,247
0,530
0,403
0,246
0,402
0,245
0,502
0,465
0,244
0,501
0,242
0,464
0,364
1,1
1,3
3,1
3,3
41,1
41,2
42,0
42,2
42,3
44,0
44,1
44,3
45,1
45,2
45,4
46,0
46,2
46,3
46,5
54,1
54,2
55,0
55,1
55,3
56,0
56,1
56,3
57,0
57,2
57,3
58,0
58,2
58,3
58,5
58,4
58,1
57,4
57,1
56,2
55,4
55,2
54,3
54,0
46,4
46,1
45,3
45,0
44,2
42,4
42,1
41,3
41,0
3,0
0,241
0,463
0,363
0,240
0,462
0,362
0,239
0,461
0,361
0,238
0,401
0,360
0,237
0,500
0,359
0,236
0,400
0,358
0,235
0,460
0,357
0,234
0,398
0,356
0,233
0,459
0,399
0,232
0,397
0,355
0,231
0,499
0,354
0,230
0,458
0,353
0,229
0,395
0,352
0,228
0,498
0,394
0,227
0,457
0,396
0,226
0,393
0,351
0,225
0,529
0,350
0,224
0,456
0,349
0,223
0,391
0,348
0,222
0,455
0,390
0,221
0,528
0,392
0,220
0,388
0,347
0,219
0,387
0,346
0,218
0,389
0,345
0,217
0,385
0,344
0,216
0,497
0,384
0,215
0,386
0,343
0,214
0,496
0,342
0,213
0,495
0,341
0,212
0,383
0,340
0,211
0,493
0,381
0,210
0,380
0,209
0,382
0,339
0,208
0,379
0,338
0,207
0,378
0,337
0,206
0,527
0,336
0,205
0,492
0,335
0,204
0,453
0,334
0,203
0,491
0,454
0,202
0,452
0,333
0,201
0,490
0,332
0,200
0,489
0,377
0,199
0,376
0,331
0,198
0,375
0,330
0,197
0,374
0,329
0,196
0,328
0,327
0,195
0,450
0,326
0,194
0,451
0,373
0,193
0,448
0,372
0,192
0,447
0,325
0,63
0,449
0,324
0,62
0,371
0,323
0,61
0,370
0,321
0,60
0,487
0,369
0,59
0,488
0,320
0,58
0,368
0,319
0,57
0,367
0,318
0,56
0,486
0,317
0,55
0,484
0,366
0,54
0,483
0,365
0,53
0,485
0,316
0,52
0,526
0,315
0,51
0,525
0,314
0,50
0,313
0,49
0,312
0,48
0,311
0,47
0,309
0,46
0,306
0,45
0,301
0,6
0,5
0,1
0,11
0,4
0,2
0,3
0,7
